24490 5453
2651 31915
23086 13571
31927 28592
13019 18796
23289 17014
1967 31101
7652 32500
29424 9464
6225 10976
27712 7555
16094 16670
16882 24691
9844 19282
14268 24828
31369 23308
10856 14980
26651 27863
20311 3305
25163 27970
22971 20872
31254 22929
5757 1852
5379 10907
32497 10468
21899 25527
11115 10060
6641 23275
8097 11676
14558 18351
31187 21467
32148 23115
7148 21136
16444 21703
8510 17278
21433 23640
21591 30585
28752 23758
12143 25547
29852 822
27835 15528
3287 18003
4053 9965
26856 2627
1748 8622
28960 16831
8670 18504
5345 6764
32161 31081
1418 25105
5594 20329
7262 2120
23514 4708
3824 30281
27422 20074
18931 5878
9337 18347
22948 17102
7210 17325
13209 18386
30863 8353
21829 24525
22739 20205
23035 13156
9882 7272
15451 6682
26663 6042
18736 4386
8015 7562
2079 2229
26858 30890
14365 8483
11105 6310
3265 6904
26443 13940
22330 18414
11908 31590
8497 15296
29190 13922
3657 7612
19634 26243
32675 31506
6308 22737
17195 24072
4829 18449
10875 8404
31538 23533
28296 20682
12305 31035
13906 28631
19066 26737
7241 14966
18285 3653
10053 24634
16066 22320
27406 10511
14683 15566
15656 15017
22853 28839
11314 9497
